18923
18842
18631
18114
17816
18859
17822
17924
17988
18839
18706
17918
18571
18709
18889
18101
18920
18091
18801
18218
18892
18734
18728
18587
18608
18833
18278
18026
18454
17966
18516
17925
18496
18323
18612
17881
18054
17939
18326
18322
17880
18212
18395
17895
18350
17956
18519
17809
17976
18161
18135
18389
18662
18574
18283
18630
18012
18517
18333
18410
16791
18181
18759
18321
17866
18197
17999
18762
18262
18894
18890
18344
18891
18565
18553
18462
18583
18876
16750
15885
17281
17347
17105
16689
16757
16701
17660
16856
16607
16708
15449
16451
15959
16128
16318
15795
16340
16105
11866
15013
15814
16866
16984
18314
18070
18337
17997
18317
18192
18032
18318
18224
17978
16840
18293
18009
18096
14890
17897
17926
18312
18063
17887
17002
17857
18308
18163
18826
18507
17845
17215
17891
17889
18461
18413
18604
17827
18430
17172
18031
17844
17837
17760
17947
17852
17912
16641
18116
18050
18488
18503
18139
18790
18695
18634
18670
17501
18652
18693
17712
18697
18638
18781
18765
18787
18703
18646
18812
18650
16715
16760
18874
18649
17411
18878
18714
16851
16768
17376
16616
16948
16744
16395
17134
17695
15320
15245
16998
17613
17066
17150
16879
17472
16920
17471
16617
17188
16906
17113
17116
16660
16806
16685
17592
17599
16697
16929
16759
16751
17243
16917
16271
16270
16912
17272
17279
16875
16684
17228
17454
16177
16329
17614
16677
17560
16669
16726
16937
16731
16737
17496
16419
16672
16670
17571
16625
15493
14515
16559
15448
16313
16005
16254
16152
18331
16800
18055
18058
18306
18121
18086
18328
18213
18043
18645
17984
18281
17548
17993
17865
18076
18057
18183
18007
17543
17648
16849
18221
18628
18137
16626
18087
17862
18119
18113
17911
18011
17804
18006
18921
18196
17904
17960
18284
18027
16989
18273
17942
18051
18201
18297
17853
16852
18177
18438
17208
18292
18341
18342
17907
17893
18453
18129
18515
17899
17783
18065
18216
17144
18303
17506
18340
18268
18066
17855
18580
18595
17846
17878
18589
18632
18828
18529
18486
14694
18666
18567
18605
18404
18432
18491
18407
18712
18418
17645
18354
18540
18607
18465
18471
18457
18562
18485
18474
18672
18779
18907
18904
18806
18782
10852
18745
18814
18788
18897
18636
18694
18702
18869
18832
18819
18760
18744
16710
18752
18713
18647
18870
18877
18882
18688
17352
18598
18727
18427
18622
17820
18844
18298
18274
18880
18825
18400
18618
18174
18629
18535
18394
18627
18685
18480
15515
18142
17877
18721
18804
18081
18115
17849
18191
18324
18125
18128
17824
17848
18025
17825
18010
18088
18282
18045
17482
17782
18158
18310
17864
18287
18724
17847
17686
18222
18029
18692
18502
18792
18411
18736
18805
18778
18784
18860
18428
18764
18435
14896
18741
18848
17794
18399
18570
18579
16622
17828
18551
18069
18873
18917
17174
11974
17186
16627
9056
16235
17301
17362
16892
12470
17289
17233
17723
16256
16870
17237
16980
16826
16799
16712
16436
17415
16742
16766
17372
16516
17195
17333
18338
16061
16597
16754
17453
17107
17019
15153
17533
17291
13955
17139
17017
17630
17004
17512
15846
15938
16632
16902
16605
16639
16932
15957
17427
16858
17160
17119
16781
17564
15498
16823
17687
14068
16771
16942
16648
17269
16749
16996
16869
17407
17361
16654
16410
17224
16842
17288
17110
16644
15833
17642
17102
16919
16846
16604
16112
16745
16926
16913
17761
16880
16837
16675
17404
16928
16385
17545
17724
16797
16748
15504
17408
17127
17130
17354
16674
17364
16873
17578
15988
17643
17654
17163
15455
16667
16915
16416
17553
14768
17439
15747
16832
17385
16628
16994
15473
16661
15490
16939
17675
17559
17641
17079
16905
17324
16083
16946
17345
17919
15791
17793
18295
17969
17991
17854
17861
18060
17812
17851
17967
18286
17885
18035
18617
17722
17906
17095
17946
17843
17270
18073
18302
16444
18401
18591
18487
18362
18493
18126
18441
18550
17840
18296
18522
18450
17850
18546
16971
18483
17065
18554
18355
17948
18164
18769
18366
18479
17273
18909
18520
18412
18910
18915
18809
17115
18893
18684
18573
18677
18747
18678
18820
18795
16872
18348
15923
16704
17225
15435
16863
17317
17576
17357
16025
16778
17179
17379
16442
17177
17663
17626
17700
16649
15055
16127
16810
14245
16752
16663
16246
17077
17475
16035
17477
16693
17562
16533
17504
16822
16721
16384
17219
16497
16638
15578
17200
16060
16615
17191
15058
17197
16348
16645
17315
17389
15948
16723
17497
17234
16722
17063
17138
17245
15587
17377
16855
17965
18334
17975
18505
18288
17428
18272
18477
18531
16753
18285
18398
17888
18336
17806
18092
17874
18198
18168
18320
18347
18793
18687
18906
18855
18742
18770
18858
18851
14690
18387
18356
18758
18466
18746
18459
18817
18816
18879
18711
18865
18559
15059
16904
17140
17282
16646
16967
15588
17430
16821
17484
16978
17378
16183
17570
17633
15736
17204
16901
17060
16828
17275
17161
16732
16714
16524
16702
17531
16785
16959
17618
17656
16814
16407
16631
17499
13528
16422
13296
15265
15061
15883
16010
13258
11840
12130
14599
13099
13968
13303
7963
13502
14814
11441
16024
14650
16234
12220
12800
8022
10433
15339
14012
15798
16317
16252
15539
15551
9342
13953
16420
14508
15981
15303
15812
15228
16267
16226
16523
15895
16001
15555
15564
16351
14624
16336
13145
14540
9238
15508
12716
14157
13788
15500
14702
14594
14533
15652
14582
15006
16542
15821
14283
14924
14958
12723
16354
16461
12905
14312
15569
11841
14517
14385
14353
16198
15524
9967
14870
14372
15907
16019
15509
16262
16265
15453
14192
13787
15720
13491
14413
15825
14647
16008
14818
16389
14661
13333
14304
15732
